33.1
23.9
28.6
19.4
9.5
21.6
24.5
8.7
22.2
20.6
48.5
22.4
12.6
17.6
21.5
46.0
11.7
50.0
20.4
37.9
15.6
13.6
35.2
20.7
27.5
13.8
36.0
33.0
12.7
26.6
50.0
46.7
32.7
24.8
22.0
31.6
13.8
18.2
8.8
25.0
5.0
24.4
19.5
19.6
21.9
10.4
11.0
8.8
33.3
13.5
19.4
14.3
21.1
11.9
13.4
7.2
22.9
13.8
33.1
30.7
27.5
10.8
18.4
13.8
43.5
48.3
20.4
36.2
23.1
12.1
16.4
19.2
23.8
18.3
22.1
23.9
26.6
20.3
50.0
24.8
28.0
24.1
14.4
7.2
20.5
43.1
14.1
13.1
18.5
34.7
19.6
8.4
13.1
17.2
36.5
10.5
25.0
18.2
19.1
19.0
20.6
24.8
14.5
22.2
19.3
20.5
18.9
20.6
20.8
35.1
22.2
19.8
19.9
16.8
29.9
14.1
10.4
21.7
31.1
17.1
22.9
20.7
13.4
17.4
15.0
23.2
23.8
32.5
15.6
23.1
23.8
50.0
18.6
11.7
29.0
19.9
20.9
13.3
20.6
23.7
19.6
19.7
28.7
17.2
50.0
29.0
15.6
15.7
21.7
24.4
24.1
19.8
14.3
7.0
28.2
23.1
50.0
13.9
32.0
12.7
17.8
23.3
31.6
12.3
26.4
21.7
21.8
22.4
21.5
19.3
19.9
20.5
21.2
25.0
17.5
30.1
27.9
14.5
17.0
22.6
30.1
27.1
21.4
31.5
23.6
27.5
19.4
43.8
23.3
18.6
11.3
20.6
28.4
22.8
18.4
37.2
19.6
28.4
33.4
8.5
15.4
16.7
23.4
13.2
9.7
22.9
22.5
23.7
24.7
32.0
23.8
20.8
28.7
26.6
25.2
7.4
14.4
16.8
14.9
18.5
22.0
20.8
16.6
23.3
13.8
35.4
23.9
14.9
22.7
27.1
32.2
13.9
16.0
37.0
20.1
7.2
35.4
18.5
14.6
16.1
45.4
23.0
50.0
22.3
12.5
21.7
12.0
20.3
31.2
24.0
44.0
20.2
27.0
24.6
20.3
22.0
23.5
34.9
19.0
18.4
20.0
20.0
8.3
18.8
17.5
37.3
20.1
25.0
24.3
13.3
10.9
17.8
19.1
18.9
41.3
17.8
24.2
30.8
33.8
23.2
31.0
14.0
6.3
15.6
11.8
21.0
11.5
25.0
21.2
20.1
15.2
24.5
18.9
21.2
5.6
13.6
16.5
22.6
10.9
21.9
23.2
13.5
26.4
22.9
20.4
18.5
18.3
29.1
28.5
22.2
18.9
50.0
24.7
23.7
48.8
23.2
5.0
21.7
14.1
20.0
14.9
16.1
36.2
50.0
23.9
17.2
14.5
13.3
20.0
19.5
21.0
21.7
9.6
15.6
17.1
11.8